-2 -0.25
-1.7 -0.34602076124567477
-1.4 -0.5102040816326532
-1.0999999999999999 -0.8264462809917357
-0.7999999999999998 -1.5625000000000009
-0.49999999999999983 -4.000000000000003
-0.19999999999999984 -25.00000000000004
0.10000000000000014 -99.9999999999997
0.40000000000000013 -6.249999999999996
0.7000000000000002 -2.040816326530611
1.0000000000000002 -0.9999999999999996
1.3000000000000003 -0.5917159763313607
1.6000000000000003 -0.39062499999999983
1.9000000000000004 -0.2770083102493074