1 1.5403023058681398
1.2 2.2563139873302034
1.4 3.2202373713437353
1.5999999999999999 4.494616217695156
1.7999999999999998 6.139824384588984
1.9999999999999998 8.214782917024312
2.1999999999999997 10.77718370067086
2.4 13.88349227088374
2.6 17.58885524538592
2.8000000000000003 21.9469776413463
3.0000000000000004 27.010007503399564
3.2000000000000006 32.82845071777317
3.400000000000001 39.451130209865205
3.600000000000001 46.92519781651943
3.800000000000001 55.296202626614075
4.000000000000001 64.60821588627934
4.200000000000001 74.90400940710285
4.400000000000001 86.22528170151931
4.600000000000001 98.61292378254738
4.800000000000002 112.107314723436
5.000000000000002 126.74863570618129
5.200000000000002 142.57719042362686
5.400000000000002 159.6337193552249
5.600000000000002 177.9596956140969
5.8000000000000025 197.5975907483343
6.000000000000003 218.5911000402221
6.200000000000003 240.98531843356264
6.400000000000003 264.82686016589787
6.600000000000003 290.1639174098852
6.800000000000003 317.0462556463664
7.0000000000000036 345.52514600350526
7.200000000000004 375.65323730095776
7.400000000000004 407.4843729350753
7.600000000000004 441.07335993468286
7.800000000000004 476.4756994193183