1 0.5403023058681398
1.1 0.5403511857803308
1.2000000000000002 0.5283139873302038
1.3000000000000003 0.5063130738079954
1.4000000000000004 0.4762373713437359
1.5000000000000004 0.4398074480962453
1.6000000000000005 0.3986162176951562
1.7000000000000006 0.35415415457765625
1.8000000000000007 0.3078243845889854
1.9000000000000008 0.260951018093487
2.000000000000001 0.21478291702431457
2.100000000000001 0.17049437027217984
2.200000000000001 0.1291837006708647
2.300000000000001 0.09187053463106187
2.4000000000000012 0.05949227088374176
2.5000000000000013 0.03290015159953563
2.6000000000000014 0.01285524538591798
2.7000000000000015 2.4583693554069974e-05
2.8000000000000016 -0.005022358653705816
2.9000000000000017 -0.0018166873283124163
3.0000000000000018 0.010007503399554696
3.100000000000002 0.03071143269435128
3.200000000000002 0.06045071777315003
3.300000000000002 0.09927529444588934
3.400000000000002 0.14713020986517877
3.500000000000002 0.20385730829916993
3.6000000000000023 0.2691978165193847
3.7000000000000024 0.3427958222184818
3.8000000000000025 0.4242026266140335
3.9000000000000026 0.5128819409832704
4.000000000000003 0.6082158862793053
4.100000000000002 0.7095117451973043
4.200000000000002 0.8160094071027977
4.300000000000002 0.9268894381283214
4.400000000000001 1.04128170151925
4.500000000000001 1.1582744469977637
4.6000000000000005 1.2769237825472899
4.7 1.3962634376274614
4.8 1.5153147234358915
4.8999999999999995 1.6330965934560346
4.999999999999999 1.7486357061811524
5.099999999999999 1.8609763915861604
5.199999999999998 1.969190423626698
5.299999999999998 2.0723865027642443
5.399999999999998 2.169719355224705
5.499999999999997 2.260398359363938
5.599999999999997 2.3436956140966574
5.699999999999997 2.4189533697961476
5.799999999999996 2.485590748334052
5.899999999999996 2.5431096859373623
5.999999999999996 2.5911000402218214
6.099999999999995 2.629243811038792
6.199999999999995 2.657318433562304
6.2999999999999945 2.675199111255452
6.399999999999994 2.6828601658975524
6.499999999999994 2.680375391629359
6.599999999999993 2.6679174098847414
6.699999999999993 2.645756032023941
6.799999999999993 2.614255646365924
6.899999999999992 2.5738716560362467
6.999999999999992 2.525146003504731
7.099999999999992 2.468701826789296
7.199999999999991 2.405237300957248
7.299999999999991 2.3355187266764514
7.399999999999991 2.2603729350747437
7.49999999999999 2.180679084981503
7.59999999999999 2.09735993468217
7.6999999999999895 2.0113726755540493
7.799999999999989 1.9236994193175243
7.899999999999989 1.8353374340869657
7.9999999999999885 1.7472892269057687